0 0.5892857133333333 0.40608465666666665 0.5830853166666666 0.41446208 0.5786210333333334 0.42548501 0.5771329366666667 0.4329806 0.57564484 0.4594356266666667 0.5749007933333333 0.5101410933333334 0.5716765866666667 0.55335097 0.5724206333333334 0.5947971766666666 0.5741567466666667 0.6071428566666667 0.5791170633333333 0.6146384466666667 0.58705357 0.6208112866666666 0.5927579366666667 0.6327160500000001 0.5939980166666667 0.6428571433333333 0.5964781733333333 0.6459435633333334 0.6056547633333333 0.6481481466666666 0.6674107133333333 0.6503527333333333 0.6840277766666667 0.6547619033333334 0.6969246033333334 0.6556437399999999 0.7038690466666667 0.6477072300000001 0.71155754 0.6335978833333333 0.72718254 0.6102292766666667 0.7356150800000001 0.5811287466666667 0.74107143 0.5454144633333333 0.7418154766666667 0.5299823633333334 0.7366071433333333 0.4841269833333333 0.7356150800000001 0.4554673733333333 0.7311507933333333 0.44488536 0.7264384933333333 0.4378306866666667 0.7127976199999999 0.42372134 0.6934523800000001 0.40828924 0.6708829366666667 0.3981481466666667 0.6408730166666667 0.39638448000000004 0.6076388899999999 0.39902998333333334 0.5939980166666667 0.40211640333333337 0.5892857133333333 0.40608465666666665
0 0.4191468266666667 0.39506173 0.41443452333333336 0.4012345666666666 0.4131944433333333 0.40652557333333333 0.41542658666666665 0.43518518666666667 0.41344245999999996 0.45679012333333335 0.4119543666666667 0.5189594366666667 0.41220238 0.5820105833333333 0.41294643 0.5859788366666667 0.41641865 0.5939153433333333 0.4186507933333333 0.5961199300000001 0.43105158666666665 0.6005290999999999 0.43601190333333334 0.6044973533333333 0.4379960333333333 0.6071428566666667 0.43998015999999995 0.6159612 0.44196428666666665 0.6194885366666667 0.45138889 0.6221340399999999 0.4761904766666667 0.6208112866666666 0.49851190333333334 0.6221340399999999 0.5171130966666666 0.6256613766666667 0.5295138899999999 0.6243386233333333 0.5369543666666666 0.6208112866666666 0.5639880966666666 0.5987654333333333 0.5687003966666666 0.59126984 0.5719246033333334 0.57319224 0.57266865 0.5427689600000001 0.5706845233333333 0.51984127 0.57142857 0.4977954133333334 0.5761408733333333 0.45679012333333335 0.5786210333333334 0.4475308633333333 0.5786210333333334 0.4417989433333333 0.57093254 0.42813051 0.5399305566666667 0.4104938266666667 0.5317460333333334 0.40255732 0.5193452366666667 0.3981481466666667 0.5069444433333333 0.38800705333333335 0.4875992066666667 0.38712522000000005 0.45436508000000003 0.3884479733333333 0.4298115066666667 0.39153439 0.4191468266666667 0.39506173
0 0.22767857000000002 0.40211640333333337 0.23834325333333334 0.40873016 0.24156745999999998 0.41313933 0.24355158666666668 0.41887125333333336 0.24503968333333334 0.42857143 0.24776785666666667 0.4717813066666667 0.24652777666666664 0.51366843 0.24330357000000002 0.54409171 0.24379960333333334 0.5537918866666667 0.2452877 0.5582010566666666 0.2532242066666667 0.5639329799999999 0.27728174666666666 0.57142857 0.28968254000000004 0.58068783 0.30332341333333335 0.5850970033333334 0.36954365 0.5873015866666667 0.40376984 0.5802469133333333 0.4099702366666667 0.57319224 0.4119543666666667 0.5661375666666667 0.41294643 0.5573192233333333 0.41369047666666664 0.4933862433333333 0.4191468266666667 0.43430335000000003 0.4191468266666667 0.42857143 0.41741071333333335 0.42019400333333334 0.4112103166666667 0.40564374000000003 0.40451389 0.3999118166666667 0.390625 0.3999118166666667 0.36582341333333335 0.39682539666666666 0.3524305566666667 0.38800705333333335 0.34300595333333334 0.38447971666666664 0.3253968266666667 0.3853615533333334 0.28323412666666664 0.38227513333333335 0.2547123 0.38447971666666664 0.22544642999999998 0.3928571433333333 0.22767857000000002 0.40211640333333337
0 0.16592262 0.4166666666666667 0.16369047666666667 0.44135802333333335 0.16344246 0.4656084666666666 0.15922619 0.4960317466666667 0.15922619 0.5189594366666667 0.15823412666666667 0.5326278666666667 0.15922619 0.53791887 0.16542658666666665 0.5507054666666666 0.17286706333333332 0.5582010566666666 0.17708333333333334 0.5604056433333333 0.19047619 0.5617283966666666 0.20213293666666668 0.5599647266666666 0.20982143 0.5652557333333333 0.2160218266666667 0.5670194 0.22792658666666668 0.5639329799999999 0.2348710333333333 0.5590828933333333 0.24181547666666664 0.5454144633333333 0.24355158666666668 0.5330687833333333 0.24429563333333335 0.47354497333333334 0.24677579333333333 0.41534391666666665 0.24454365 0.3928571433333333 0.23735119000000002 0.38800705333333335 0.21626984 0.38051146333333336 0.17708333333333334 0.38051146333333336 0.17088293666666668 0.3853615533333334 0.16666666666666666 0.3928571433333333 0.16592262 0.4166666666666667
1 0.205 0.395 0.023333333333333334 0.016666666666666666
1 0.285 0.405 0.02666666666666667 0.023333333333333334
1 0.4666666666666667 0.41333333333333333 0.03833333333333333 0.02
1 0.6383333333333333 0.42 0.03833333333333333 0.02666666666666667
3 0.6683333333333333 0.525 0.035 0.028333333333333332
3 0.49166666666666664 0.5016666666666667 0.028333333333333332 0.028333333333333332
3 0.30833333333333335 0.48333333333333334 0.021666666666666667 0.02
3 0.215 0.465 0.016666666666666666 0.015
2 0.215 0.5333333333333333 0.016666666666666666 0.01
2 0.30666666666666664 0.5516666666666666 0.023333333333333334 0.015
2 0.49666666666666665 0.5833333333333334 0.03 0.013333333333333334
2 0.6716666666666666 0.615 0.03166666666666667 0.02