0 0.37265878333333335 0.4393274066666667 0.2347557833333333 0.46489744 0.20321031666666667 0.47261940333333335 0.19801461 0.48618502666666663 0.17945849 0.4790891566666666 0.17764192666666667 0.49445288333333337 0.17411459 0.5445520899999999 0.17720101 0.5552167733333333 0.18690118666666666 0.5681136 0.18998760666666667 0.5777862166666667 0.19439677666666666 0.5847306633333333 0.20806520666666667 0.5886989166666667 0.22878831333333333 0.5906830433333333 0.26626626666666664 0.5899389966666666 0.3134443966666667 0.5869628066666667 0.35621335666666665 0.5874588366666667 0.36944087000000003 0.5891949466666667 0.3809047133333333 0.5919231233333333 0.38619572 0.5919231233333333 0.41882358666666664 0.5877068533333334 0.43513752 0.5832425666666666 0.4558606233333333 0.5713378066666667 0.48319748333333334 0.5604251066666667 0.49598408 0.5522405833333334 0.5153844333333333 0.5455441533333333 0.5250846100000001 0.5405838366666667 0.5616807300000001 0.5309112166666667 0.5766719100000001 0.5224786766666667 0.6013632666666667 0.5056136 0.6120328833333334 0.49358989666666664 0.6049815733333334 0.42054424333333335 0.5942189966666667 0.41261358000000004 0.5689826333333333 0.41240487000000003 0.5029228266666667 0.41323968666666666 0.4717485266666667 0.4155354 0.43389402 0.42158775666666665 0.38564806333333335 0.43097933666666666 0.37265878333333335 0.4393274066666667
0 0.5956790133333333 0.40228174666666666 0.5767195766666666 0.4161706333333333 0.5767195766666666 0.42113095333333334 0.5903880066666667 0.4327877 0.5965608466666666 0.4409722233333333 0.6000881833333334 0.4841269833333333 0.6018518533333334 0.4895833333333333 0.6062610233333333 0.4920634933333333 0.6287477966666667 0.49330357 0.6578483233333333 0.4925595233333333 0.6834215166666666 0.49851190333333334 0.7054673733333333 0.49156745999999996 0.71472663 0.48313491999999997 0.7173721333333333 0.47767857 0.7222222233333333 0.42286706333333335 0.7213403866666667 0.40376984 0.7191358033333334 0.3953373 0.7160493833333333 0.3911210333333333 0.7085537933333333 0.38814484 0.6940035266666666 0.3878968266666667 0.6829806 0.38938492 0.64329806 0.38888889 0.6274250433333333 0.3908730166666667 0.60670194 0.39732143 0.5956790133333333 0.40228174666666666
0 0.2010582 0.37624008 0.20546737333333331 0.38045635 0.21428571333333332 0.38244047666666664 0.2235449733333333 0.3829365066666666 0.26895943666666666 0.3829365066666666 0.29100528999999997 0.3799603166666667 0.30511464 0.3797123 0.3165784833333333 0.3819444433333333 0.33112874666666664 0.3826884933333334 0.3470017633333333 0.3854166666666667 0.3558201066666667 0.3859127 0.3650793666666667 0.38417658666666665 0.3800705466666667 0.38442460333333334 0.38800705333333335 0.38144841333333335 0.39153439 0.3787202366666667 0.39329806 0.36879960333333334 0.39197530999999997 0.35391865 0.3849206333333333 0.34821428666666665 0.37962963 0.3459821433333333 0.36728395 0.34771825333333334 0.33774250333333333 0.3489583333333333 0.24955908333333332 0.34499008 0.21428571333333332 0.34821428666666665 0.20546737333333331 0.35019841333333335 0.20017636666666666 0.35317460333333334 0.19753086333333333 0.3663194433333333 0.2010582 0.37624008
0 1 0.4533730166666667 0.9880952366666665 0.45114087333333336 0.9783950633333334 0.45114087333333336 0.9369488533333333 0.45486111 0.9029982366666667 0.46031745999999996 0.8862433866666667 0.4640377 0.8571428566666667 0.46701389 0.8205467366666667 0.47470238000000003 0.7910052900000001 0.4821428566666666 0.7857142866666667 0.4836309533333333 0.7813051133333334 0.48635912666666664 0.7746913566666667 0.4962797633333333 0.7671957666666667 0.51810516 0.7654321 0.5300099199999999 0.7658730166666667 0.5572916666666666 0.76366843 0.5699404766666667 0.76366843 0.5927579366666667 0.76675485 0.6056547633333333 0.7711640200000001 0.609375 0.7870370366666667 0.60689484 0.8090828933333333 0.6113591266666667 0.8346560833333334 0.6150793666666666 0.8478835966666667 0.6205357133333333 0.86111111 0.6237599199999999 0.87345679 0.6254960333333334 0.9029982366666667 0.6264880966666666 0.9528218700000001 0.6344246033333334 0.9735449733333333 0.6349206333333334 0.9823633166666668 0.63169643 0.98633157 0.6279761899999999 0.9894179900000001 0.6202877 0.9898589066666666 0.5736607133333333 0.99250441 0.5429067466666667 1 0.5133928566666667 1 0.4533730166666667
0 0.14329806 0.35094245999999996 0.15520282333333335 0.35218254000000004 0.16446208 0.3546627 0.20017636666666666 0.3544146833333333 0.21913580333333332 0.34970238 0.22971781333333335 0.34375 0.22883598000000002 0.34077380999999995 0.21516754999999999 0.33754960333333334 0.18430335 0.3385416666666667 0.15961199333333334 0.3350694433333333 0.14991181666666667 0.33482143 0.12566137666666669 0.3368055566666667 0.11640211666666665 0.34077380999999995 0.11728394999999998 0.34499008 0.12477954 0.35193452333333336 0.14329806 0.35094245999999996
1 0.2783333333333333 0.48333333333333334 0.05 0.013333333333333334
1 0.6183333333333333 0.42333333333333334 0.03166666666666667 0.01
1 0.88 0.5066666666666667 0.045 0.016666666666666666
3 0.33 0.5383333333333333 0.05 0.025
3 0.6483333333333333 0.4583333333333333 0.04 0.013333333333333334
3 0.93 0.56 0.015 0.016666666666666666
2 0.33666666666666667 0.5616666666666666 0.03666666666666667 0.005
2 0.66 0.47333333333333333 0.02666666666666667 0.006666666666666667
2 0.9316666666666666 0.6183333333333333 0.043333333333333335 0.013333333333333334