0 0.6229595400000001 0.40616026666666666 0.6001420799999999 0.41310471000000004 0.59592581 0.41641159 0.5902214433333333 0.42567085 0.5889813633333334 0.43195391666666666 0.5877412866666667 0.45940100666666667 0.5879893 0.48023434 0.5867492233333333 0.49280048000000004 0.5872452533333333 0.54769466 0.5865012066666667 0.57018143 0.5877412866666667 0.5936602666666667 0.58575716 0.62077667 0.5812928733333333 0.6429327533333333 0.58154089 0.6571523300000001 0.5852611266666666 0.66012852 0.5954297766666666 0.6637660866666667 0.5998940633333334 0.66773434 0.6058464433333333 0.6912131766666667 0.6080785866666667 0.69518143 0.6113027933333334 0.6974962466666667 0.6366004133333333 0.69981106 0.7152214433333333 0.6945200566666667 0.7702809666666667 0.6971655566666667 0.7844178733333333 0.6941893666666666 0.7861539833333333 0.6915438666666667 0.7886341433333333 0.6809618533333334 0.7933464433333333 0.66938778 0.79607462 0.6571523300000001 0.7938424766666666 0.6340041833333333 0.7953305700000001 0.5949830199999999 0.7955785866666667 0.5166100033333333 0.7943385066666666 0.4921391033333333 0.7911143 0.4643613266666667 0.7898742233333333 0.42996979 0.78813811 0.42236397000000003 0.7859059666666667 0.4167422766666667 0.7836738266666666 0.41409677666666667 0.7730091433333333 0.4084750833333333 0.7402710466666667 0.3988851333333333 0.7122452533333333 0.39293275333333333 0.68967581 0.39227137666666667 0.6611539833333333 0.39359413 0.64156073 0.39789306999999996 0.6229595400000001 0.40616026666666666
4 0.2844742066666667 0.36871693 0.28025793666666665 0.38062169333333334 0.27827380999999995 0.39219576666666667 0.2785218266666667 0.4196428566666667 0.27480158666666665 0.45701058333333333 0.2735615066666666 0.4957010566666667 0.27182539666666666 0.5082671966666666 0.2705853166666667 0.5324074066666666 0.26711309666666666 0.5691137566666666 0.26438492 0.5836640200000001 0.26413690333333334 0.5958994700000001 0.2653769833333333 0.6094576733333333 0.2633928566666667 0.6210317466666667 0.26388889 0.6425264566666666 0.265625 0.6517857133333333 0.26909722333333336 0.6580687833333333 0.27703373 0.6626984133333333 0.2834821433333333 0.6636904766666667 0.31870039666666666 0.6623677233333334 0.32514880999999995 0.66468254 0.3432539666666667 0.6746031733333333 0.39161706333333335 0.6765873 0.45436508000000003 0.6848544966666666 0.48313491999999997 0.6679894166666667 0.5099206333333334 0.6471560833333334 0.5434027766666667 0.63128307 0.5520833333333334 0.6216931233333334 0.5595238100000001 0.6087962966666667 0.5639880966666666 0.5952380966666666 0.5669642866666667 0.5585317466666667 0.5689484133333333 0.5178571433333333 0.56969246 0.45899471 0.5689484133333333 0.44576719666666664 0.5659722233333333 0.4338624333333333 0.5615079366666667 0.4265873 0.53794643 0.40476190333333334 0.5171130966666666 0.39517195666666666 0.4694940466666667 0.36144180000000004 0.45932539666666666 0.35747354333333337 0.4528769833333333 0.3558201066666667 0.42261904666666666 0.35284391666666665 0.33953373 0.35019841333333335 0.3278769833333333 0.3518518533333333 0.29092262 0.3621031733333333 0.2844742066666667 0.36871693
4 0.20337301666666666 0.4308862433333333 0.1984127 0.4414682533333333 0.1984127 0.49371693000000005 0.19990079333333333 0.5082671966666666 0.20114087333333333 0.5634920633333333 0.203125 0.5720899466666667 0.21354166666666666 0.58101852 0.2234623 0.5955687833333333 0.22991071333333332 0.5985449733333333 0.24156745999999998 0.6011904766666667 0.25644841333333335 0.60218254 0.2628968266666667 0.59920635 0.2658730166666667 0.5922619033333334 0.26909722333333336 0.5720899466666667 0.27008928666666665 0.5558862433333334 0.2733134933333334 0.5320767200000001 0.27405754000000004 0.4904100533333334 0.27467939333333335 0.4667413 0.27707887 0.4432325633333334 0.27851855666666664 0.4195639033333333 0.24355158666666668 0.4196428566666667 0.23784722333333336 0.4183201066666667 0.21527777666666664 0.42261904666666666 0.20932539666666666 0.42493386333333333 0.20337301666666666 0.4308862433333333
0 0.017255430000000002 0.48116339333333336 0.014195406666666667 0.48303291666666665 0.014067913333333333 0.4906809666666666 0.014705416666666667 0.4986689333333334 0.014067913333333333 0.51770408 0.019295446666666667 0.51974356 0.026435493333333334 0.52892122 0.029495513333333334 0.5438774033333333 0.027965503333333336 0.5508456366666666 0.03446804666666667 0.5525451933333333 0.06203366666666666 0.5517849233333333 0.06974298666666667 0.5515405266666666 0.07599053333333333 0.5498409633333333 0.07943305666666665 0.5489911766666666 0.08019806333333333 0.5418529966666668 0.08198306999999999 0.5328453 0.08988812 0.5277466000000001 0.09702817666666667 0.5168693666666667 0.10544323666666668 0.5127904066666666 0.11959583333333332 0.5139801066666666 0.11806582333333333 0.48627716666666665 0.10940470000000001 0.4830018566666666 0.09600816333333333 0.47302054666666665 0.05608128666666667 0.47440397333333334 0.03351184 0.47539603666666663 0.02426798 0.4804835666666667 0.017255430000000002 0.48116339333333336
3 0.045 0.5183333333333333 0.015 0.005
1 0.04833333333333333 0.49166666666666664 0.01 0.008333333333333333
2 0.04666666666666667 0.54 0.008333333333333333 0.005
1 0.41 0.42 0.04666666666666667 0.045
3 0.3283333333333333 0.41833333333333333 0.065 0.043333333333333335
2 0.43333333333333335 0.5966666666666667 0.041666666666666664 0.018333333333333333
1 0.6866666666666666 0.415 0.035 0.02666666666666667
3 0.72 0.5233333333333333 0.04666666666666667 0.03
2 0.7566666666666667 0.655 0.04833333333333333 0.021666666666666667