0 0.52876984 0.3862433866666667 0.50843254 0.39616402 0.49156745999999996 0.39682539666666666 0.4796627 0.40046296333333337 0.47073412666666664 0.40145502666666666 0.4568452366666667 0.40079365 0.4523809533333333 0.40277777666666664 0.4508928566666666 0.40476190333333334 0.44246031666666663 0.4074074066666667 0.43105158666666665 0.40707672 0.42261904666666666 0.4050925933333333 0.41567460333333334 0.39451058333333333 0.40823412666666664 0.3912037033333333 0.4035218266666667 0.39054232666666666 0.38715277666666664 0.39054232666666666 0.3561507933333333 0.3938492066666667 0.34077380999999995 0.40277777666666664 0.3338293666666667 0.41104497333333334 0.3253968266666667 0.41798941666666667 0.32217262 0.42824073999999995 0.3182043666666667 0.43154761999999997 0.30332341333333335 0.4371693133333333 0.29811508 0.4417989433333333 0.2941468266666667 0.44808201 0.29141865 0.45568782999999996 0.2849702366666667 0.49140211666666667 0.28745039666666666 0.51521164 0.28844245999999996 0.5410052900000001 0.2862103166666667 0.5684523800000001 0.28571428666666665 0.5906084666666667 0.2859623 0.6230158733333333 0.2881944433333333 0.6461640200000001 0.29265873 0.6501322766666666 0.30307539666666666 0.65244709 0.35590277666666664 0.6583994700000001 0.3903769833333333 0.6726190466666667 0.39707341333333335 0.6739417999999999 0.4161706333333333 0.6739417999999999 0.43105158666666665 0.67096561 0.44692460333333334 0.6699735433333334 0.45758928666666665 0.6699735433333334 0.48139881 0.6732804233333334 0.4962797633333333 0.66898148 0.5136408733333333 0.6590608466666666 0.5218253966666666 0.6521164033333333 0.5292658733333333 0.6484788366666667 0.5580357133333333 0.6425264566666666 0.5731646833333334 0.6369047633333333 0.5927579366666667 0.6269841266666667 0.6088789666666666 0.6240079366666667 0.6210317466666667 0.61871693 0.6436011899999999 0.6200396833333334 0.6736111100000001 0.6193783066666666 0.6845238100000001 0.6177248666666667 0.6966765866666667 0.6130952366666667 0.7016369033333334 0.60978836 0.7053571433333333 0.60515873 0.7118055566666667 0.5902777766666667 0.7175099199999999 0.5839947099999999 0.7371031733333333 0.5767195766666666 0.7703373 0.5585317466666667 0.77232143 0.5558862433333334 0.7752976199999999 0.54596561 0.7775297633333333 0.5168650800000001 0.7748015866666667 0.47056878333333335 0.7750496033333334 0.4454365066666667 0.7735615066666667 0.42096561 0.7735615066666667 0.39186508 0.7720734133333333 0.38227513333333335 0.7705853166666666 0.37863756666666665 0.7594246033333334 0.3680555566666667 0.7214781733333333 0.36243386333333333 0.70734127 0.35813492 0.69469246 0.35747354333333337 0.6830357133333333 0.3604497366666667 0.6212797633333333 0.3654100533333334 0.5808531733333333 0.3716931233333333 0.54439484 0.38095238 0.52876984 0.3862433866666667
1 0.3416666666666667 0.46 0.03666666666666667 0.025
3 0.36333333333333334 0.5516666666666666 0.03 0.025
2 0.37666666666666665 0.6416666666666667 0.02666666666666667 0.013333333333333334
2 0.745 0.42 0.03 0.021666666666666667
0 0.6909722233333333 0.25628307 0.69593254 0.29067460333333334 0.69642857 0.30390211666666667 0.6996527766666667 0.31812169333333334 0.7043650800000001 0.32903439 0.7105654766666667 0.33597883666666667 0.7222222233333333 0.34226190333333334 0.7363591266666667 0.35317460333333334 0.7472718266666667 0.35813492 0.7916666666666666 0.36144180000000004 0.8072916666666666 0.36144180000000004 0.8122519833333333 0.36011904666666666 0.8211805566666667 0.3544973533333333 0.82564484 0.34821428666666665 0.828125 0.33994709 0.82564484 0.2688492066666667 0.82266865 0.24305555666666667 0.82093254 0.23809523666666668 0.8125 0.22751322666666668 0.7971230166666667 0.21660053 0.77455357 0.20833333333333334 0.75 0.20337301666666666 0.74280754 0.20304232666666666 0.7088293666666666 0.20800264666666665 0.6971726199999999 0.2139550266666667 0.69469246 0.21792327999999997 0.6909722233333333 0.2390873 0.6909722233333333 0.25628307
0 0.6589781733333333 0.23611110999999999 0.6731150800000001 0.23677248666666667 0.6817956333333334 0.23478836 0.6872519833333333 0.22916666666666666 0.6922123 0.22089947 0.69642857 0.21726190333333334 0.71504908 0.20536469333333335 0.7731432266666667 0.20876111666666666 0.81034388 0.23423433333333335 0.8330853166666666 0.24470899333333335 0.8380456333333334 0.24470899333333335 0.8495828933333333 0.24544255 0.85646246 0.24544255 0.8572268599999999 0.22778112333333336 0.8571428566666667 0.19246031666666666 0.85763889 0.16699735333333335 0.8559027766666666 0.16071428666666668 0.8494543666666666 0.15443121666666668 0.8325892866666667 0.15542328 0.8087797633333333 0.15046296333333334 0.7857142866666667 0.14847883666666667 0.7527281733333333 0.14781746 0.7266865066666667 0.14880952333333333 0.7083333333333334 0.14748677333333332 0.69766865 0.14914021 0.6862599199999999 0.14914021 0.6721230166666667 0.14715608333333333 0.6589781733333333 0.14715608333333333 0.6532738100000001 0.16170635 0.6535218266666667 0.19179894333333333 0.6498015866666667 0.21461640333333334 0.6540178566666667 0.22784391666666665 0.6589781733333333 0.23611110999999999
1 0.7866666666666666 0.25 0.015 0.011666666666666667
1 0.8333333333333334 0.17 0.013333333333333334 0.008333333333333333
3 0.8016666666666666 0.29833333333333334 0.016666666666666666 0.011666666666666667
3 0.8466666666666667 0.20333333333333334 0.011666666666666667 0.008333333333333333
2 0.85 0.23666666666666666 0.01 0.006666666666666667
2 0.8066666666666666 0.3433333333333333 0.02 0.01